UnitPrice_AVG1 
1.972910138721636e-06
3.186904475710469e-06
4.11424312325784e-06
6.169305089267339e-06
7.753336087206046e-06
8.132753927165936e-06
1.0194098888957201e-05
1.2130149514814379e-05
1.8536349987953556e-05
2.004718243180437e-05
2.2957460189189626e-05

UnitPrice_AVG2 
3.5773319478832987e-06
4.8976561799657e-06
5.86830284654425e-06
8.115936106624607e-06
9.77900078963131e-06
1.0161142759931507e-05
1.2329771364672337e-05
1.4345105072196094e-05
2.1473169519220393e-05
2.301163889381016e-05
2.6014004516343552e-05

UnitPrice_AVG3_min 
2.444812212163672e-06
2.757135445339833e-06
3.4963597883929444e-06
4.8107494528984425e-06
5.755429041376982e-06
5.953289732457806e-06
7.280091448075471e-06
8.444835618560548e-06
1.2641938906550504e-05
1.3556425550369688e-05
1.531428581952706e-05

UnitPrice_AVG3_max 
8.55684274257285e-06
9.649974058689412e-06
1.2237259259375304e-05
1.6837623085144547e-05
2.014400164481944e-05
2.083651406360232e-05
2.5480320068264146e-05
2.9556924664961915e-05
4.424678617292676e-05
4.7447489426293894e-05
5.360000036834469e-05

UnitPrice_AVG3_avg 
3.916213512815081e-06
5.391337878877066e-06
6.462749145263733e-06
8.938281057185585e-06
1.0769983007832292e-05
1.1190787021561831e-05
1.3579212955740925e-05
1.5798806379237838e-05
2.3649213124839967e-05
2.5343584369808275e-05
2.8650206354671457e-05

Utility_AVG1 
-0.0002030164941055613
-0.000326691385159189
-0.0004342937356614031
-0.0005556073124308831
-0.0006516183057872378
-0.0006271557861165952
-0.0007946918729560054
-0.0009608192293438352
-0.0011578843021683258
-0.001193571491175638
-0.0012697216397824628

Utility_AVG2 
-0.00026653258467957666
-0.00040036773989306863
-0.000515195850924896
-0.0006344886009968721
-0.0007295329847997593
-0.0006990517202926839
-0.0008721979409611714
-0.0010432461731035346
-0.0012446907894601506
-0.0012773946017408137
-0.0013503689353694215

Utility_AVG3 
-0.00036711574847676006
-0.0003387135654159636
-0.0004336293337272929
-0.0005917702831551984
-0.0006888422202854016
-0.0008668442304995836
-0.000856566774374973
-0.0011993479575964634
-0.0014877473144047232
-0.0014611753370715273
-0.0014540381120200158

